1138
1171
1218
1189
1107
1092
1216
1226
1144
1149
1227
1138
1186
1197
1214
1227
1251
1151
1225
1278
1221
1209
1216
1170
1169
1220
1227
1150
1189
1163
1173
1166
1208
1226
1117
1168
1161
1216
1169
1222
1206
1140
1189
1206
1248
1203
1116
1213
1253
1247
1205
1202
1221
1174
1202
1240
1257
1203
1267
1225
1166
1228
1194
1211
1283
1211
1184
1196
1146
1221
1209
1186
1238
1224
1163
1198
1248
1181
1173
1225
1216
1120
1192
1216
1165
1260
1201
1181
1195
1190
1182
1202
1171
1166
1171
1217
1214
1169
1184
1174
1244
1167
1203
1237
1202
1148
1224
1259
1206
1202
1154
1210
1231
1222
1194
1232
1223
1208
1286
1154
1157
1223
1255
1151
1223
1206
1176
1222
1260
1209
1255
1208
1247
1253
1221
1193
1171
1202
1232
1215
1194
1181
1176
1218
1176
1204
1160
1177
1267
1274
1192
1202
1178
1177
1194
1173
1229
1252
1241
1184
1233
1178
1196
1216
1260
1234
1208
1205
1129
1277
1247
1195
1201
1227
1179
1174
1224
1136
1200
1186
1193
1132
1178
1219
1214
1241
1212
1200
1200
1239
1118
1204
1234
1149
1233
1229
1213
1241
1263
1203
1172
1247
1201
1159
1170
1156
1235
1211
1216
1247
1192
1192
1177
1142
1147
1187
1154
1262
1230
1172
1189
1221
1196
1209
1224
1214
1221
1209
1207
1230
1208
1232
1262
1238
1166
1210
1177
1184
1215
1196
1195
1217
1166
1182
1181
1202
1189
1139
1240
1170
1215
1192
1177
1209
1233
1222
1235
1193
1200
1157
1229
1182
1205
1120
1200
1195
1200
1185
1220
1214
1158
1159
1178
1187
1238
1222
1169
1158
1167
1188
1241
1135
1230
1208
1149
1172
1208
1166
1256
1163
1184
1194
1224
1188
1198
1220
1161
1186
1193
1201
